0 1 11
1 2 60
2 3 70
3 4 34
4 5 30
5 6 1
6 7 48
7 8 18
8 9 15
9 10 1
10 11 15
11 12 50
12 13 64
13 14 11
14 15 9
15 16 50
16 17 77
17 18 71
18 19 63
19 20 94
20 21 66
21 22 30
22 23 83
23 24 89
24 25 34
25 26 56
26 27 98
27 28 75
28 29 44
29 30 16
30 31 16
31 32 7
32 33 75
33 34 86
34 35 92
35 36 57
36 37 38
37 38 91
38 39 26
39 40 52
40 41 92
41 42 41
42 43 54
43 44 7
44 45 51
45 46 62
46 47 57
47 48 79
48 49 33
49 50 71
50 51 72
51 52 50
52 53 100
53 54 7
54 55 38
55 56 86
56 57 62
57 58 35
58 59 12
59 60 57
60 61 50
61 62 27
62 63 63
63 64 77
64 65 64
65 66 6
66 67 85
67 68 2
68 69 97
69 70 10
70 71 5
71 72 88
72 73 2
73 74 58
74 75 94
75 76 4
76 77 20
77 78 2
78 79 83
79 80 4
80 81 73
81 82 6
82 83 53
83 84 24
84 85 12
85 86 42
86 87 9
87 88 25
88 89 77
89 90 72
90 91 82
91 92 78
92 93 99
93 94 96
94 95 6
95 96 14
96 97 2
97 98 90
98 99 15
99 100 50
100 101 52
101 102 72
102 103 89
103 104 53
104 105 81
105 106 34
106 107 57
107 108 52
108 109 36
109 110 91
110 111 55
111 112 60
112 113 96
113 114 59
114 115 35
115 116 8
116 117 53
117 118 96
118 119 84
119 120 81
120 121 67
121 122 65
122 123 10
123 124 65
124 125 13
125 126 16
126 127 31
127 128 66
128 129 57
129 130 97
130 131 15
131 132 8
132 133 68
133 134 3
134 135 13
135 136 49
136 137 36
137 138 21
138 139 100
139 140 23
140 141 11
141 142 7
142 143 82
143 144 58
144 145 17
145 146 17
146 147 17
147 148 21
148 149 64
149 150 1
150 151 1
151 152 30
152 153 17
153 154 11
154 155 47
155 156 29
156 157 26
157 158 77
158 159 94
159 160 34
160 161 73
161 162 60
162 163 42
163 164 41
164 165 62
165 166 6
166 167 41
167 168 50
168 169 26
169 170 92
170 171 72
171 172 88
172 173 98
173 174 6
174 175 45
175 176 67
176 177 74
177 178 14
178 179 87
179 180 37
180 181 14
181 182 40
182 183 66
183 184 82
184 185 50
185 186 12
186 187 63
187 188 27
188 189 40
189 190 8
190 191 60
191 192 13
192 193 68
193 194 53
194 195 5
195 196 81
196 197 58
197 198 97
198 199 30
199 200 35
200 201 88
201 202 54
202 203 74
203 204 38
204 205 59
205 206 71
206 207 4
207 208 84
208 209 84
209 210 42
210 211 20
211 212 49
212 213 81
213 214 37
214 215 30
215 216 30
216 217 1
217 218 92
218 219 8
219 220 40
220 221 100
221 222 20
222 223 4
223 224 67
224 225 72
225 226 8
226 227 99
227 228 82
228 229 4
229 230 29
230 231 68
231 232 44
232 233 34
233 234 42
234 235 81
235 236 44
236 237 12
237 238 36
238 239 27
239 240 47
240 241 77
241 242 98
242 243 95
243 244 10
244 245 34
245 246 24
246 247 91
247 248 86
248 249 68
148 127 67
167 80 85
40 140 83
221 95 63
141 138 96
182 18 39
245 105 65
241 232 14
187 193 48
210 233 85
177 131 62
195 150 43
129 191 35
79 126 56
218 122 90
88 212 87
194 129 30
28 142 67
221 241 80
204 26 59
104 190 82
85 131 16
201 248 46
78 5 66
52 47 4
116 83 100
245 213 78
138 29 51
129 10 58
7 169 48
47 125 38
78 210 22
196 162 20
143 92 77
58 246 24
163 112 58
65 210 21
244 98 2
145 79 63
204 87 34
201 236 9
138 166 21
59 112 35
80 107 29
107 17 25
32 181 40
189 98 50
161 92 50
15 89 29
129 43 18
162 96 4
172 235 21
142 146 35
229 79 93
157 38 10
184 70 43
73 112 91
172 23 36
221 140 75
201 19 71
121 33 17
26 205 4
246 200 53
33 179 82
177 188 20
236 122 42
181 195 54
223 219 28
108 42 20
185 244 90
157 217 25
123 243 31
29 92 83
81 125 64
64 52 2
233 140 75
176 71 20
130 147 40
209 5 34
178 42 28
167 199 47
42 175 91
224 204 83
106 137 58
121 201 12
222 36 2
196 212 76
218 92 23
209 51 30
242 230 73
122 249 24
218 143 49
58 219 55
240 75 94
149 48 95
110 21 33
64 217 98
89 37 42
113 246 46
142 239 28
66 111 77
190 181 23
238 240 42
195 82 70
38 232 68
185 194 39
117 8 9
216 199 96
158 62 93
3 57 84
180 123 97
208 63 78
130 154 18
22 99 51
91 137 85
60 174 79
199 42 88
9 110 89
4 18 2
98 21 59
33 53 32
79 12 98
57 244 52
126 16 1
28 209 90
162 20 15
241 71 59
180 80 19
68 186 90
19 137 63
129 170 67
113 0 81
124 111 36
243 13 65
202 154 29
74 118 20
247 226 2
179 47 21
116 136 92
105 98 74
25 216 87
127 96 49
36 73 62
174 66 75
90 120 29
168 47 50
238 44 28
191 224 25
111 192 63
5 47 64
28 174 30
164 52 29
164 190 2
117 149 57
89 29 76
136 130 66
181 208 57
7 184 21
199 47 76
246 110 4
22 241 70
74 219 84
117 122 59
83 91 60
140 181 41
217 67 72
32 100 30
140 107 64
110 56 13
85 154 25
190 177 67
209 103 88
142 220 11
202 54 2
13 46 85
104 13 3
75 45 53
106 37 11
71 148 69
84 233 24
58 26 3
126 235 56
164 230 77
176 34 83
29 48 79
64 4 44
18 181 91
220 37 28
132 108 76
203 44 62
76 103 88
80 229 75
85 245 7
163 171 42
147 53 90
177 117 96
220 237 27
160 59 64
138 192 74
115 145 71
178 73 74
165 153 5
92 90 53
248 4 26
189 151 79
30 79 48
125 151 35
3 164 45
168 154 39
192 19 86
214 198 9
237 215 14
193 159 4
145 158 60
223 199 12
1 82 93
101 59 46
85 63 10
13 69 26
135 154 90
83 164 79
150 77 25
162 183 22
70 42 45
121 155 47
55 199 100
236 30 5
218 113 21
5 146 81
190 60 60
90 240 36
2 173 57
174 215 2
148 121 100
203 172 99
170 67 85
200 174 55
166 44 47
55 49 93
137 239 5
48 181 45
83 36 20
240 210 38
93 108 61
42 164 33
142 84 1
228 137 77
135 53 21
181 210 20
123 199 11
227 248 42
